853
410
854
530
715
347
353
553
895
679
636
215
994
907
586
294
865
873
274
529
105
775
484
796
263
153
831
718
126
122
160
833
542
547
960
627
828
197
26
562
690
49
416
310
452
16
199
424
849
695
839
782
211
251
113
330
664
217
172
320
609
611
564
962
395
937
671
123
535
525
66
653
396
939
529
10
535
252
16
799
700
728
883
592
306
551
351
468
93
859
828
287
378
475
598
791
789
979
257
493
257
159
372
661
36
966
93
652
633
612
193
862
743
616
954
994
625
19
894
759
513
728
362
830
281
778
170
773
65
700
308
298
890
831
253
497
747
825
440
716
575
953
170
421
332
681
635
205
682
90
350
826
643
83
645
880
795
167
761
549
916
827
221
708
913
94
215
982
234
444
540
430
586
751
876
931
351
553
370
134
54
8
529
803
73
351
995
138
577
65
337
856
713
128
168
921
95
818
985
521
669
604
645
591
944
171
64
41
104
542
910
602
756
327
29
237
681
857
374
877
523
228
128
21
710
965
193
270
341
860
560
169
411
108
247
723
419
905
564
441
534
639
574
608
671
942
888
803
215
130
795
66
863
396
784
43
311
32
539
868
107
394
8
452
581
430
393
465
513
710
80
867
615
47
862
606
107
222
3
919
667
86
495
287
768
414
928
623
528
529
410
219
411
952
469
268
829
968
321
645
607
434
204
791
488
940
861
972
331
398
820
300
966
591
747
134
900
924
329
705
374
391
422
305
668
692
66
667
795
931
598
901
820
88
598
281
545
660
603
647
780
399
611
570
938
100
466
976
184
120
508
237
664
732
814
545
86
219
485
901
696
722
728
262
101
119
141
507
663
70
258
857
756
509
70
793
61
4
638
466
855
351
771
29
414
97
202
837
921
259
493
42
267
70
870
957
62
630
72
196